202,0
194,0
4,3
4,2
4,1
4,0
3,6
3,5
3,4
3,3
3,2
3,1
3,0
2,3
2,2
2,1
2,0
1,3
1,2
1,1
1,0
0,418
0,411
0,371
0,322
0,315
0,311
0,243
192,1
192,3
0,441
192,0
174,1
174,3
0,440
174,0
0,9
0,310
0,305
0,308
0,304
0,303
0,302
0,307
0,12
0,388
0,10
0,8
0,0
0,353
0,300
0,412
0,299
0,406
0,298
0,389
0,297
0,296
0,325
0,295
0,422
0,294
0,420
0,293
0,432
0,292
0,419
0,291
0,410
0,290
0,421
0,289
0,405
0,288
0,427
0,287
0,435
0,286
0,429
0,285
0,369
0,284
0,436
0,283
0,282
0,430
0,281
0,416
0,280
0,417
0,279
0,324
0,278
0,347
0,277
0,312
0,276
0,336
0,275
0,409
0,274
0,345
0,273
0,309
0,272
0,404
0,271
0,348
0,270
0,306
0,269
0,385
0,268
0,398
0,267
0,433
0,266
0,401
0,265
0,318
0,264
0,424
0,263
0,316
0,262
0,313
0,261
0,399
0,260
0,395
0,259
0,343
0,258
0,330
0,257
0,426
0,256
0,362
0,255
0,414
0,254
0,328
0,253
0,381
0,252
0,359
0,251
0,342
0,250
0,354
0,249
0,396
0,248
0,247
0,323
0,246
0,245
0,392
0,244
0,384
0,242
0,403
0,241
0,340
0,240
0,368
0,239
0,338
0,238
0,380
0,237
0,379
0,236
0,346
0,235
0,400
0,234
0,387
0,233
0,314
0,232
0,439
0,231
0,230
0,317
0,229
0,365
0,228
0,367
0,227
0,363
0,226
0,334
0,225
0,329
0,224
0,320
0,223
0,355
0,222
0,364
0,221
0,446
0,220
0,349
0,219
0,301
0,218
0,391
0,217
0,319
0,216
0,386
0,215
0,444
0,214
0,390
0,213
0,331
0,212
0,383
0,211
0,339
0,210
0,376
0,209
0,377
0,208
0,356
0,207
0,326
0,206
0,397
0,205
0,445
0,204
0,321
0,203
0,423
0,202
0,443
0,201
0,200
0,375
0,199
0,332
0,198
0,337
0,197
0,333
